308,0.25
306.545581592321,0.573278422900346
304.878596837945,0.870037807183361
303.558212874082,1.16679719146637
302.270838509317,1.39761004590872
300.884435347262,1.72734269511207
299.613565782044,1.94166891709424
298.276677018634,2.23842830137726
297.022312252964,2.48572778827976
295.866976284585,2.71654064272211
294.645621118012,2.91438023224412
293.52329474873,3.19465298406697
292.186405985319,3.39249257358898
290.766993224167,3.68925195787199
289.182532467532,4.05195787199567
286.409726143422,4.49709694842019
281.969935064935,5.38737510126924
277.084514398645,6.04684039967593
274.955395256917,6.57441263840129
273.172876905703,6.87117202268431
271.802978543196,7.06901161220632
270.466089779785,7.29982446664866
269.129201016375,7.530637321091
267.792312252964,7.76145017553335
266.488433088651,7.95928976505535
265.283582721626,8.17361598703753
264.045722755505,8.32199567917904
262.774853190288,8.58578179854172
261.503983625071,8.73416149068323
260.282628458498,8.9484877126654
259.011758893281,9.14632730218741
257.790403726708,9.31119362678909
256.569048560136,9.52551984877126
255.314683794466,9.67389954091277
254.12633822699,9.88822576289494
252.822459062677,10.0695787199568
251.502075098814,10.2179584120983
250.115671936759,10.4487712665406
248.745773574252,10.6466108560626
247.177817617165,10.8609370780448
245.725395256917,11.0258034026465
244.305982495765,11.2236429921685
242.738026538679,11.4049959492303
241.219584980237,11.6028355387524
239.717648221344,11.8336483931947
238.265225861095,11.9985147177964
236.77979390175,12.163381042398
235.228342744212,12.3117607345396
233.825434782609,12.5260869565217
232.273983625071,12.6909532811234
230.739037267081,12.7898730758844
229.319624505929,12.9877126654064
227.86720214568,13.1525789900081
226.332255787691,13.2514987847691
225.077891022021,13.3174453146098
223.840031055901,13.4987982716716
222.701199887069,13.5812314339724
221.529359119142,13.6306913313529
220.308003952569,13.7955576559546
219.218687182383,13.828530920875
217.865293619424,13.9769106130165
216.544909655562,14.026370510397
215.323554488989,14.125290305158
214.06918972332,14.2571833648393
212.996377752682,14.2736699972995
211.77502258611,14.3725897920605
210.603181818182,14.4879962192817
209.513865047995,14.520969484202
208.077947487295,14.6363759114232
206.823582721626,14.7023224412638
205.750770750988,14.718809073724
204.661453980802,14.7517823386443
203.24204121965,14.8836753983257
201.756609260305,14.9496219281663
200.584768492377,14.9331352957062
199.495451722191,14.9990818255468
198.010019762846,15.0650283553875
196.739150197628,15.1804347826087
195.66633822699,15.1969214150689
194.577021456804,15.1639481501485
193.504209486166,15.1804347826087
192.431397515528,15.1969214150689
191.309071146245,15.213408047529
189.807134387352,15.2958412098299
188.189664031621,15.2958412098299
186.572193675889,15.2958412098299
184.954723320158,15.2958412098299
183.337252964427,15.2958412098299
181.719782608696,15.2958412098299
180.102312252964,15.2958412098299
178.484841897233,15.2958412098299
176.98290513834,15.2298946799892
175.860578769057,15.1639481501485
174.787766798419,15.1804347826087
173.549906832298,15.1804347826087
172.180008469791,15.1804347826087
171.090691699605,15.1804347826087
169.704288537549,15.0650283553875
168.086818181818,15.0650283553875
166.63439582157,14.9661085606265
165.545079051383,14.9496219281663
164.389743083004,14.9496219281663
163.300426312818,14.9331352957062
161.881013551666,14.7847556035647
160.69266798419,14.718809073724
159.619856013552,14.7352957061842
158.530539243365,14.7023224412638
157.226660079051,14.619889278963
155.774237718803,14.5044828517418
154.684920948617,14.4879962192817
153.562594579334,14.4550229543613
152.225705815923,14.2736699972995
151.136389045737,14.2406967323791
149.997557876906,14.2077234674588
148.677173913043,14.026370510397
147.505333145116,13.9769106130165
146.135434782609,13.7955576559546
144.947089215133,13.729611126114
143.593695652174,13.5647448015123
142.339330886505,13.4328517418309
141.084966120836,13.3009586821496
139.665553359684,13.1031190926276
138.229635798984,12.9052795031056
136.777213438735,12.6744666486632
135.29178147939,12.5260869565217
133.789844720497,12.2458142046989
132.337422360248,11.9985147177964
131.000533596838,11.8336483931947
129.564616036138,11.5533756413719
128.161708074534,11.2895895220092
126.676276115189,10.9928301377262
125.289872953134,10.7290440183635
124.068517786561,10.4487712665406
122.748133822699,10.1355252497975
121.378235460192,9.77281933567377
120.206394692264,9.49254658385093
119.018049124788,9.08038077234674
117.664655561829,8.66821496084256
116.377281197064,8.20658925195787
115.17243083004,7.79442344045368
113.967580463015,7.33279773156899
112.68020609825,6.78873886038347
111.42584133258,6.26116662165811
109.973418972332,5.53575479341074
108.603520609825,4.90926275992438
107.332651044608,4.15087766675668
106.16081027668,3.45843910342965
105.087998306042,2.74951390764245
103.916157538114,1.79328922495273
103.074412761152,0.853551174723192
102.578914364374,0
102.942374364766,-0.382946259789365
103.916157538114,-1.43809073724008
105.021979107849,-2.11404266810695
106.309353472614,-2.70756143667297
107.679251835121,-3.2516203078585
109.13167419537,-3.69675938428302
110.683125352908,-4.17487172562788
112.086033314512,-4.50460437483122
113.521950875212,-4.8178503915744
115.056897233202,-5.13109640831759
116.60834839074,-5.39488252768026
117.961741953698,-5.60920874966244
119.364649915302,-5.79056170672428
120.833577075099,-5.97191466378612
122.170465838509,-6.10380772346747
123.705412196499,-6.1862408857683
124.992786561265,-6.33462057790981
126.494723320158,-6.41705374021065
127.798602484472,-6.49948690251148
128.920928853755,-6.56543343235215
130.4063608131,-6.64786659465299
131.660725578769,-6.76327302187416
132.783051948052,-6.76327302187416
134.2354743083,-6.8951660815555
135.506343873518,-6.97759924385634
136.595660643704,-6.9940858763165
138.048083003953,-7.09300567107751
139.550019762846,-7.15895220091818
140.672346132129,-7.22489873075885
141.877196499153,-7.20841209829868
143.395638057595,-7.40625168782069
144.517964426878,-7.43922495274103
145.590776397516,-7.42273832028086
146.845141163185,-7.53814474750203
148.215039525692,-7.67003780718337
149.28785149633,-7.65355117472321
150.410177865613,-7.71949770456388
151.747066629023,-7.88436402916555
152.869392998306,-7.90085066162572
153.991719367589,-7.90085066162572
155.345112930548,-8.06571698622739
156.533458498024,-8.13166351606806
157.606270468662,-8.11517688360789
158.893644833427,-8.24706994328923
160.379076792772,-8.34598973805023
161.468393562959,-8.37896300297057
162.557710333145,-8.37896300297057
164.04314229249,-8.51085606265191
165.314011857707,-8.59328922495274
166.386823828346,-8.57680259249258
167.476140598532,-8.60977585741291
168.895553359684,-8.70869565217392
170.314966120836,-8.84058871185526
171.404282891022,-8.84058871185526
172.47709486166,-8.82410207939509
173.747964426877,-8.90653524169593
175.365434782609,-8.93950850661626
176.900381140599,-9.0219416689171
178.022707509881,-9.05491493383744
179.095519480519,-9.03842830137727
180.349884246189,-9.15383472859844
181.950849802372,-9.17032136105861
183.568320158103,-9.17032136105861
184.954723320158,-9.28572778827978
186.027535290796,-9.26924115581961
187.116852060982,-9.30221442073995
188.189664031621,-9.28572778827978
189.262476002259,-9.26924115581961
190.351792772445,-9.30221442073995
191.424604743083,-9.28572778827978
192.811007905138,-9.40113421550095
194.42847826087,-9.40113421550095
196.045948616601,-9.40113421550095
197.663418972332,-9.40113421550095
199.280889328063,-9.40113421550095
200.782826086956,-9.36816095058061
202.400296442688,-9.40113421550095
203.935242800678,-9.35167431812045
205.05756916996,-9.28572778827978
206.130381140599,-9.26924115581961
207.219697910785,-9.30221442073995
208.292509881423,-9.28572778827978
209.365321852061,-9.26924115581961
210.537162619989,-9.21978125843911
212.105118577075,-9.17032136105861
213.722588932806,-9.17032136105861
215.340059288538,-9.17032136105861
216.759472049689,-9.0714015662976
217.848788819876,-9.0714015662976
218.938105590062,-9.00545503645693
220.241984754376,-8.98896840399677
221.809940711462,-8.93950850661626
223.410906267645,-8.9230218741561
224.61575663467,-8.80761544693492
225.705073404856,-8.84058871185526
226.90992377188,-8.72518228463409
228.428365330322,-8.65923575479341
229.550691699605,-8.59328922495274
230.623503670243,-8.57680259249258
231.844858836815,-8.59328922495274
233.561357989836,-8.37896300297057
234.634169960474,-8.3624763705104
235.723486730661,-8.32950310559007
236.994356295878,-8.13166351606806
238.215711462451,-8.13166351606806
239.420561829475,-8.06571698622739
240.790460191982,-7.91733729408588
241.96230095991,-7.90085066162572
243.579771315641,-7.73598433702404
244.718602484472,-7.65355117472321
245.972967250141,-7.58760464488254
247.260341614907,-7.42273832028086
248.349658385093,-7.42273832028086
249.637032749859,-7.25787199567918
250.742854319593,-7.17543883337835
252.079743083004,-7.01057250877667
253.202069452287,-6.9940858763165
254.472939017504,-6.82921955171483
255.66128458498,-6.73029975695383
257.014678147939,-6.59840669727249
258.203023715415,-6.49948690251148
259.572922077922,-6.36759384283014
260.909810841333,-6.21921415068864
262.395242800678,-6.12029435592763
263.748636363636,-5.93894139886579
265.15154432524,-5.79056170672428
266.636976284585,-5.70812854442345
268.138913043478,-5.4773156899811
269.706869000565,-5.3289359978396
271.258320158103,-5.16406967323792
272.644723320158,-5.01568998109641
273.981612083569,-4.83433702403457
276.17675042349,-4.65298406697273
279.180623941276,-4.20784499054821
282.547603049125,-3.87811234134486
290.123306041784,-2.74053470159331
291.674757199322,-2.57566837699163
294.447563523433,-2.08106940318661
296.708721061547,-1.89971644612477
298.194153020892,-1.60295706184176
299.910652173913,-1.40511747231975
301.098997741389,-1.19079125033757
302.320352907962,-1.0259249257359
303.607727272727,-0.811598703753718
305.175683229814,-0.580785849311375
308,-0.25
