330,0.5
328.35117259552,1.16817107750472
325.510971673254,2.45687618147447
322.815187747036,3.60132325141776
319.792058629776,4.86117674858223
316.518606719368,6.20758506616256
313.235527009223,7.49629017013232
310.145003293808,8.65997164461247
306.996712779974,9.69862948960302
303.925444664032,10.7372873345936
300.738642951252,11.7470935727788
296.983801054018,12.8723062381852
293.87402173913,13.7090028355387
291.505583003953,14.295652173913
288.934960474308,14.9015359168242
286.104387351779,15.5651228733459
283.129397233202,16.1710066162571
279.855945322793,16.8345935727788
276.563237812912,17.4212429111531
272.846907114624,18.0559782608696
269.602338603426,18.5368383742911
266.550326086957,18.9696124763705
263.604219367589,19.3446833648393
260.52332345191,19.671668241966
257.885306324111,19.9313327032136
255.102872200264,20.2198487712665
252.08937088274,20.4891304347826
248.854430171278,20.7199432892249
246.071996047431,20.9411389413989
243.10663372859,21.1815689981096
240.227921607378,21.3546786389414
237.175909090909,21.5277882797731
234.104640974967,21.7201323251418
230.677144268775,21.9220935727788
226.46016798419,22.0952032136106
223.311877470356,22.2202268431002
219.913264163373,22.4029536862004
216.533906455863,22.4510396975425
212.625019762846,22.6530009451796
209.56337944664,22.6818525519849
204.749479578393,22.9222826086956
201.70709486166,22.9126654064272
198.529920948617,22.9799858223062
194.775079051383,23.1434782608696
192.002272727273,23.1434782608696
188.825098814229,23.1050094517958
184.83918972332,23.1723298676749
179.640177865613,23.2588846880907
174.498932806324,23.287736294896
169.713916337286,23.3262051039698
165.737635046113,23.2781190926276
160.249789196311,23.2396502835539
156.263880105402,23.1146266540643
152.951916996047,23.1434782608696
150.053949275362,23.1434782608696
146.770869565217,23.085775047259
142.573148880105,22.9222826086956
139.781086956522,22.9126654064272
136.806096837945,22.8934310018904
132.540981554677,22.662618147448
129.59487483531,22.6914697542533
126.042216732543,22.5183601134215
122.990204216074,22.460656899811
118.994667325428,22.3067816635161
115.865632411067,22.2202268431002
112.399624505929,22.0182655954631
109.443889986825,21.9894139886578
106.170438076416,21.7682183364839
103.195447957839,21.6624291115312
99.8834848484849,21.54702268431
96.2249209486166,21.2969754253308
93.0958860342556,21.1527173913043
89.7550395256917,20.989224952741
86.9533498023715,20.7968809073724
83.4584584980237,20.6045368620038
80.3968181818182,20.364106805293
77.9706126482213,20.1717627599244
75.573290513834,19.9698015122873
72.8004841897233,19.7486058601134
70.1143280632411,19.5081758034026
67.2259881422925,19.1523393194707
64.3857872200263,18.8542060491493
60.8908959156785,18.3829631379962
57.3863768115942,17.8732514177694
54.1321805006588,17.3635396975425
50.2329216073781,16.6422495274102
45.5249275362319,15.7286153119093
42.107058629776,15.0073251417769
39.1705797101449,14.3148865784499
36.3303787878788,13.6320652173913
33.4131554677207,12.8530718336484
30.1782147562582,11.9009688090737
27.0202964426877,10.8430765595463
24.286001317523,9.95829395085066
21.5709617918314,9.03504253308128
19.154384057971,8.15987712665406
16.4297167325428,7.14045368620037
12.973336627141,5.72672495274102
9.81541831357048,4.39955103969754
6.97521739130435,3.16854914933837
4.20241106719368,1.95678166351606
1.77620553359684,0.302622873345931
0,0
3.86543807641634,-0.899527410207945
6.53233860342556,-1.55349716446125
10.2486693017128,-2.52483459357278
12.9059420289855,-3.16918714555766
16.3238109354414,-4.02511814744802
19.9920026350461,-4.9483695652174
23.1884321475626,-5.72736294896031
26.7025790513834,-6.54482514177694
29.9856587615283,-7.26611531190927
33.1243214756258,-7.93931947069944
36.1570783926219,-8.55482041587902
39.3920191040843,-9.17032136105861
42.6365876152833,-9.80505671077505
45.5826943346509,-10.3340028355388
48.8657740447958,-10.8821833648393
51.8600197628458,-11.3630434782609
54.9216600790514,-11.8535207939509
58.1469729907773,-12.3151465028355
61.1893577075099,-12.7094517958412
63.9140250329381,-13.0749054820416
66.3883695652174,-13.3538043478261
68.8530862977602,-13.6327032136106
71.394825428195,-13.8923676748582
74.7067885375494,-14.2289697542533
77.9994960474308,-14.5655718336484
81.2633201581028,-14.8348534971645
84.7293280632411,-15.1618383742911
88.070174571805,-15.4311200378072
91.256976284585,-15.7004017013233
94.6941007905138,-15.940831758034
97.9675527009222,-16.1812618147448
101.26988801054,-16.3928402646503
104.67812911726,-16.6140359168242
107.893814229249,-16.787145557656
111.196149538867,-17.0083412098299
115.028013833992,-17.2103024574669
118.214815546772,-17.3834120982987
121.32459486166,-17.5276701323252
124.646185770751,-17.7103969754253
127.573036890646,-17.8161862003781
130.567282608696,-17.9315926275992
133.869617918314,-18.1239366729679
137.123814229249,-18.17202268431
140.195082345191,-18.3739839319471
143.016027667984,-18.4028355387524
145.69255599473,-18.460538752363
148.022483530962,-18.595179584121
151.286307641634,-18.6240311909263
154.020602766798,-18.7202032136106
155.975046113307,-18.7490548204159
158.613063241107,-18.8644612476371
161.385869565217,-18.8644612476371
164.04314229249,-18.9221644612476
166.007213438735,-18.9798676748582
167.884634387352,-19.0087192816635
170.397490118577,-19.0952741020794
173.170296442688,-19.0952741020794
175.943102766798,-19.0952741020794
178.715909090909,-19.0952741020794
181.507971014493,-19.0952741020794
184.550355731225,-19.1722117202268
187.361673254282,-19.2106805293006
189.518300395257,-19.2106805293006
192.040783926219,-19.1722117202268
195.006146245059,-19.0952741020794
197.77895256917,-19.0952741020794
200.551758893281,-19.0952741020794
203.324565217391,-19.0952741020794
206.21290513834,-19.1145085066163
209.20715085639,-18.9702504725898
211.07494400527,-18.9702504725898
213.49152173913,-18.8548440453686
216.495395256917,-18.8644612476371
219.15266798419,-18.8259924385633
222.281702898551,-18.6240311909263
225.102648221344,-18.6047967863894
227.39406455863,-18.4316871455577
230.128359683794,-18.4028355387524
233.122605401844,-18.2489603024575
235.905039525692,-18.0854678638941
238.562312252964,-17.9412098298677
241.758741765481,-17.7296313799622
244.570059288538,-17.5180529300567
247.583560606061,-17.3257088846881
250.654828722003,-17.0468100189036
254.197859025033,-16.7198251417769
257.798656126482,-16.3736058601134
260.792901844532,-16.0081521739131
263.777519762846,-15.671550094518
267.387944664032,-15.2003071833648
270.49772397892,-14.757915879017
273.328297101449,-14.3155245746692
275.850780632411,-13.9500708884688
278.73912055336,-13.4499763705104
281.492671277997,-12.9594990548204
284.689100790514,-12.3632325141777
288.097341897233,-11.6323251417769
291.524838603426,-10.9014177693762
295.154519104084,-10.0166351606805
299.005638998683,-9.09338374291116
302.539041501976,-8.20860113421551
305.051897233202,-7.51616257088848
307.670658761528,-6.81410680529301
310.886343873518,-5.89085538752363
314.207934782609,-4.90028355387524
317.365853096179,-3.9866493383743
320.196426218709,-3.10186672967864
322.795932147562,-2.35172495274103
325.973106060606,-1.5054111531191
330,-0.5
