308,0.25
307,0.422163940162136
305.263157894737,0.735509690461186
303.526315789474,1.07620807845888
301.789473684211,1.43479904175547
300.052631578947,1.80370009496619
298.315789473684,2.17694620201291
296.578947368421,2.54995501572193
294.842105263158,2.91931572414978
293.105263157895,3.28260000933005
291.368421052632,3.63819345061711
289.631578947368,3.98514598027032
287.894736842105,4.32303990075525
286.157894736842,4.65187421931114
284.421052631579,4.97196388597877
282.684210526316,5.28385280542352
280.947368421053,5.58823941174705
279.210526315789,5.88591369073765
277.473684210526,6.17770465656577
275.736842105263,6.46443721117612
274,6.74689746777221
272.263157894737,7.02580573469095
270.526315789474,7.3017961603291
268.789473684211,7.5754024378657
267.052631578947,7.84704867477922
265.315789473684,8.11704485218434
263.578947368421,8.38558616880255
261.842105263158,8.65275569677397
260.105263157895,8.91852981735065
258.368421052632,9.18278585081498
256.631578947368,9.44531150745388
254.894736842105,9.70581567474801
253.157894736842,9.96394014036559
251.421052631579,10.2192719401028
249.684210526316,10.4713559665652
247.947368421053,10.7197075858239
246.210526315789,10.9638249962409
244.473684210526,11.2032011018418
242.736842105263,11.4373347441542
241,11.6657410654116
239.263157894737,11.887960954813
237.526315789474,12.1035693866834
235.789473684211,12.3121826394163
234.052631578947,12.5134642688317
232.315789473684,12.707129858969
230.578947368421,12.8929504915832
228.842105263158,13.0707549489853
227.105263157895,13.2404306854405
225.368421052632,13.4019235755368
223.631578947368,13.5552365143194
221.894736842105,13.7004269352292
220.157894736842,13.8376032984052
218.421052631579,13.9669206815997
216.684210526316,14.0885755291201
214.947368421053,14.2027997035293
213.210526315789,14.3098539319872
211.473684210526,14.4100207795673
209.736842105263,14.5035972690785
208,14.5908872844993
206.263157894737,14.6721938776427
204.526315789474,14.7478116160892
202.789473684211,14.8180191053943
201.052631578947,14.8830717990022
199.315789473684,14.9431952385021
197.578947368421,14.9985788249433
195.842105263158,15.0493702490166
194.105263157895,15.0956706742254
192.368421052632,15.1375307731178
190.631578947368,15.1749477003141
188.894736842105,15.2078630767901
187.157894736842,15.2361620449628
185.421052631579,15.2596734407816
183.684210526316,15.278171107926
181.947368421053,15.2913763761426
180.210526315789,15.2989616896775
178.473684210526,15.3005553588118
176.736842105263,15.29574739694
175,15.2840963633025
173.263157894737,15.265137119768
171.526315789474,15.2383893871702
169.789473684211,15.2033669490884
168.052631578947,15.1595873331062
166.315789473684,15.1065817639719
164.578947368421,15.0439051546527
162.842105263158,14.9711458716592
161.105263157895,14.8879349699091
159.368421052632,14.7939545663648
157.631578947368,14.6889449812697
155.894736842105,14.5727102372002
154.157894736842,14.445121467983
152.421052631579,14.3061177536256
150.684210526316,14.1557038489373
148.947368421053,13.9939442337745
147.210526315789,13.8209528716216
145.473684210526,13.6368780101147
143.736842105263,13.4418813190969
142,13.2361106047283
140.263157894737,13.0196652955601
138.526315789474,12.7925538400414
136.789473684211,12.5546421076542
135.052631578947,12.3055918262507
133.315789473684,12.0447880380925
131.578947368421,11.7712544973729
129.842105263158,11.4835558773011
128.105263157895,11.179685590203
126.368421052632,10.8569379711662
124.631578947368,10.5117635065944
122.894736842105,10.1396057298225
121.157894736842,9.73471834114389
119.421052631579,9.28996104189355
117.684210526316,8.79657250600212
115.947368421053,8.24391884446595
114.210526315789,7.61921584653828
112.473684210526,6.90722321041903
110.736842105263,6.0899089054401
109,5.14608173086526
106,3.37648717314005
105.571428571429,3.08622378855944
105.142857142857,2.7789376154542
104.714285714286,2.45717344433069
104.285714285714,2.11678377538919
103.857142857143,1.74217347055674
103.428571428571,1.30154383927584
103,0.742138363420963
102.578914364374,0
103,-0.509693565589259
103.642857142857,-1.15210822857625
104.285714285714,-1.65940935544495
104.928571428571,-2.06242175096122
105.571428571429,-2.38997513950744
106.214285714286,-2.66890416482056
106.857142857143,-2.92404839048686
107.5,-3.17825229956361
109,-3.71009504723588
110.736842105263,-4.2766240842011
112.473684210526,-4.73149794011078
114.210526315789,-5.09620702554639
115.947368421053,-5.38904996249585
117.684210526316,-5.62549166063945
119.421052631579,-5.81849159768717
121.157894736842,-5.97880405392607
122.894736842105,-6.11525198386335
124.631578947368,-6.23497614620828
126.368421052632,-6.34366104945184
128.105263157895,-6.44573920918447
129.842105263158,-6.54457515135982
131.578947368421,-6.64263053951254
133.315789473684,-6.74161174183064
135.052631578947,-6.84260109993738
136.789473684211,-6.94617310537251
138.526315789474,-7.05249663155519
140.263157894737,-7.16142432167362
142,-7.2725701737927
143.736842105263,-7.38537631914187
145.473684210526,-7.4991699358925
147.210526315789,-7.61321119191234
148.947368421053,-7.72673306645993
150.684210526316,-7.83897384755073
152.421052631579,-7.94920306374661
154.157894736842,-8.05674155699489
155.894736842105,-8.16097636887389
157.631578947368,-8.26137106168426
159.368421052632,-8.35747206547057
161.105263157895,-8.44891158799692
162.842105263158,-8.53540760501164
164.578947368421,-8.61676139404699
166.315789473684,-8.69285304721961
168.052631578947,-8.76363536367535
169.789473684211,-8.82912648751335
171.526315789474,-8.88940162089239
173.263157894737,-8.94458411732739
175,-8.99483622492517
176.736842105263,-9.0403497219213
178.473684210526,-9.08133665875175
180.210526315789,-9.11802039456779
181.947368421053,-9.15062708983714
183.684210526316,-9.17937779468593
185.421052631579,-9.20448124040377
187.157894736842,-9.22612743946775
188.894736842105,-9.2444821497902
190.631578947368,-9.25968226590885
192.368421052632,-9.27183216866797
194.105263157895,-9.28100104073928
195.842105263158,-9.28722116151584
197.578947368421,-9.29048714862256
199.315789473684,-9.29075613160785
201.052631578947,-9.28794880855821
202.789473684211,-9.28195132448855
204.526315789474,-9.27261792353056
206.263157894737,-9.25977428580336
208,-9.24322147219027
209.736842105263,-9.22274039147123
211.473684210526,-9.1980966911342
213.210526315789,-9.16904596799395
214.947368421053,-9.13533921100134
216.684210526316,-9.09672834972844
218.421052631579,-9.0529718215821
220.157894736842,-9.00384004015177
221.894736842105,-8.94912065853532
223.631578947368,-8.88862353577679
225.368421052632,-8.8221852960105
227.105263157895,-8.74967338557872
228.842105263158,-8.67098955117217
230.578947368421,-8.58607264558486
232.315789473684,-8.4949006863153
234.052631578947,-8.39749211736307
235.789473684211,-8.29390619628066
237.526315789474,-8.18424249326745
239.263157894737,-8.06863944657198
241,-7.94727197472639
242.736842105263,-7.82034813845348
244.473684210526,-7.68810487098926
246.210526315789,-7.55080281049413
247.947368421053,-7.40872028429112
249.684210526316,-7.26214651722512
251.421052631579,-7.1113741561694
253.157894736842,-6.95669123693187
254.894736842105,-6.79837270441749
256.631578947368,-6.63667168773645
258.368421052632,-6.47181067059682
260.105263157895,-6.30397282732702
261.842105263158,-6.13329372228873
263.578947368421,-5.95985365868364
265.315789473684,-5.78367097888076
267.052631578947,-5.60469667619145
268.789473684211,-5.42281063628434
270.526315789474,-5.23781993199191
272.263157894737,-5.04945962771126
274,-4.85739651927543
275.736842105263,-4.66123636986413
277.473684210526,-4.4605351302871
279.210526315789,-4.25481478642723
280.947368421053,-4.04358440759643
282.684210526316,-3.82636713652573
284.421052631579,-3.60273373382915
286.157894736842,-3.37234352680207
287.894736842105,-3.13499351349128
289.631578947368,-2.89067647122829
291.368421052632,-2.63964899041275
293.105263157895,-2.38251037054397
294.842105263158,-2.12029333109786
296.578947368421,-1.85456765047093
298.315789473684,-1.58755780246975
300.052631578947,-1.32227571270596
301.789473684211,-1.06266986447554
303.526315789474,-0.813792074155572
305.263157894737,-0.581983126145133
307,-0.375078776296505
308,-0.25
