1	0.28989898989899	0.000757575757575758
0.996969696969697	0.28989898989899	0.00118869945907852
0.993991193991194	0.28989898989899	0.0016326443232229
0.991012691012691	0.28989898989899	0.00206102159766791
0.988034188034188	0.28989898989899	0.00247555101770117
0.985055685055685	0.28989898989899	0.00287780997301029
0.982077182077182	0.28989898989899	0.00326923989429788
0.979098679098679	0.28989898989899	0.00365115250487262
0.976120176120176	0.28989898989899	0.00402473595264989
0.973141673141673	0.28989898989899	0.00439106080862764
0.97016317016317	0.28989898989899	0.00475108594268518
0.967184667184667	0.28989898989899	0.0051056642685911
0.964206164206164	0.28989898989899	0.00545554836377657
0.961227661227661	0.28989898989899	0.00580139595690663
0.958249158249158	0.28989898989899	0.0061437752957731
0.955270655270655	0.28989898989899	0.00648317037972226
0.952292152292152	0.28989898989899	0.00681998607090491
0.949313649313649	0.28989898989899	0.00715455307279516
0.946335146335146	0.28989898989899	0.00748713278338652
0.943356643356643	0.28989898989899	0.00781792202456431
0.94037814037814	0.28989898989899	0.00814705763583664
0.937399637399637	0.28989898989899	0.00847462094759314
0.934421134421134	0.28989898989899	0.00880064212463119
0.931442631442631	0.28989898989899	0.00912510438136065
0.928464128464129	0.28989898989899	0.00944794806709979
0.925485625485626	0.28989898989899	0.00976907463283913
0.922507122507122	0.28989898989899	0.010088350458307
0.91952861952862	0.28989898989899	0.0104056105623551
0.916550116550117	0.28989898989899	0.010720662175145
0.913571613571613	0.28989898989899	0.0110332881971827
0.910593110593111	0.28989898989899	0.0113432505130979
0.907614607614608	0.28989898989899	0.0116502931941244
0.904636104636105	0.28989898989899	0.0119541455628209
0.901657601657602	0.28989898989899	0.0122545251321175
0.898679098679099	0.28989898989899	0.0125511404232715
0.895700595700596	0.28989898989899	0.0128436936465953
0.892722092722093	0.28989898989899	0.0131318832588008
0.88974358974359	0.28989898989899	0.0134154063991666
0.886765086765087	0.28989898989899	0.0136939611854773
0.883786583786584	0.28989898989899	0.0139672488925774
0.880808080808081	0.28989898989899	0.014234976001546
0.877829577829578	0.28989898989899	0.0144968561155221
0.874851074851075	0.28989898989899	0.0147526117565576
0.871872571872572	0.28989898989899	0.0150019760286809
0.868894068894069	0.28989898989899	0.0152446941551964
0.865915565915566	0.28989898989899	0.0154805248901319
0.862937062937063	0.28989898989899	0.0157092418003065
0.85995855995856	0.28989898989899	0.0159306344186365
0.856980056980057	0.28989898989899	0.0161445092755567
0.854001554001554	0.28989898989899	0.0163506907938316
0.851023051023051	0.28989898989899	0.01654902206598
0.848044548044548	0.28989898989899	0.0167393654948242
0.845066045066045	0.28989898989899	0.016921603314448
0.842087542087542	0.28989898989899	0.0170956379783368
0.839109039109039	0.28989898989899	0.0172613924204294
0.836130536130536	0.28989898989899	0.0174188101922592
0.833152033152033	0.28989898989899	0.0175678554704505
0.83017353017353	0.28989898989899	0.0177085129328065
0.827195027195027	0.28989898989899	0.0178407875150724
0.824216524216524	0.28989898989899	0.0179647040323206
0.821238021238021	0.28989898989899	0.0180803066775711
0.818259518259518	0.28989898989899	0.0181876583904148
0.815281015281015	0.28989898989899	0.0182868401008432
0.812302512302512	0.28989898989899	0.0183779498428163
0.809324009324009	0.28989898989899	0.0184611017397732
0.806345506345506	0.28989898989899	0.0185364248663201
0.803367003367003	0.28989898989899	0.0186040619795676
0.8003885003885	0.28989898989899	0.0186641681245281
0.797409997409997	0.28989898989899	0.0187169091078403
0.794431494431495	0.28989898989899	0.0187624598496989
0.791452991452991	0.28989898989899	0.0188010026058747
0.788474488474488	0.28989898989899	0.0188327250617669
0.785495985495986	0.28989898989899	0.0188578182977808
0.782517482517483	0.28989898989899	0.0188764746301758
0.77953897953898	0.28989898989899	0.0188888853226231
0.776560476560477	0.28989898989899	0.018895238168647
0.773581973581974	0.28989898989899	0.0188957149520954
0.770603470603471	0.28989898989899	0.0188904887717041
0.767624967624968	0.28989898989899	0.0188797212463352
0.764646464646465	0.28989898989899	0.0188635595867791
0.761667961667962	0.28989898989899	0.0188421335436446
0.758689458689459	0.28989898989899	0.0188155522265747
0.755710955710956	0.28989898989899	0.0187839007930245
0.752732452732453	0.28989898989899	0.0187472370176252
0.74975394975395	0.28989898989899	0.0187055877222023
0.746775446775447	0.28989898989899	0.0186589450899963
0.743796943796944	0.28989898989899	0.018607262844241
0.740818440818441	0.28989898989899	0.0185504523024781
0.737839937839938	0.28989898989899	0.0184883783029914
0.734861434861435	0.28989898989899	0.0184208550050354
0.731882931882932	0.28989898989899	0.0183476415569506
0.728904428904429	0.28989898989899	0.0182684376435425
0.725925925925926	0.28989898989899	0.0181828788994938
0.722947422947423	0.28989898989899	0.0180905321994832
0.71996891996892	0.28989898989899	0.0179908908189232
0.716990416990417	0.28989898989899	0.0178833694676128
0.714011914011914	0.28989898989899	0.0177672991963019
0.711033411033411	0.28989898989899	0.0176419221742297
0.708054908054908	0.28989898989899	0.0175063863415165
0.705076405076405	0.28989898989899	0.0173597399311168
0.702097902097902	0.28989898989899	0.0172009258667734
0.699119399119399	0.28989898989899	0.0170287760295623
0.696140896140896	0.28989898989899	0.0168420053992921
0.693162393162393	0.28989898989899	0.0166392060698744
0.69018389018389	0.28989898989899	0.016418841132051
0.687205387205387	0.28989898989899	0.0161792384338862
0.684226884226884	0.28989898989899	0.0159185842107311
0.681248381248381	0.28989898989899	0.0156349165892497
0.678269878269878	0.28989898989899	0.0153261189625041
0.675291375291375	0.28989898989899	0.0149899132382195
0.672312872312872	0.28989898989899	0.0146238529594319
0.669334369334369	0.28989898989899	0.0142253162989315
0.666355866355866	0.28989898989899	0.0137914989226512
0.663377363377363	0.28989898989899	0.0133194067301123
0.66039886039886	0.28989898989899	0.0128058484626694
0.657420357420357	0.28989898989899	0.0122474281885485
0.654441854441854	0.28989898989899	0.011640537658417
0.651463351463351	0.28989898989899	0.0109813485310455
0.648484848484848	0.28989898989899	0.0102658044765562
0.645454545454546	0.28989898989899	0.00952772991378989
0.642861952861953	0.28989898989899	0.00887322019799754
0.64026936026936	0.28989898989899	0.00821897023512671
0.637676767676768	0.28989898989899	0.00754838843590044
0.635084175084175	0.28989898989899	0.00683043346472197
0.632491582491583	0.28989898989899	0.0060196142255639
0.62989898989899	0.28989898989899	0.00505598987749016
0.627306397306397	0.28989898989899	0.00386516981913398
0.624713804713805	0.28989898989899	0.00235831371127543
0.622121212121212	0.28989898989899	0.000432131441564045
0.621690390087114	0.28989898989899	0
0.622121212121212	0.28989898989899	-0.000301940310181993
0.626397306397306	0.28989898989899	-0.0023339633463007
0.630673400673401	0.28989898989899	-0.00346350879831748
0.634949494949495	0.28989898989899	-0.00423971087192044
0.639225589225589	0.28989898989899	-0.00493135188113559
0.643501683501683	0.28989898989899	-0.00560984518943411
0.647777777777778	0.28989898989899	-0.0062322188733202
0.652053872053872	0.28989898989899	-0.00672409911498879
0.656329966329966	0.28989898989899	-0.00706269305312272
0.660606060606061	0.28989898989899	-0.0073597724916357
0.663636363636364	0.28989898989899	-0.00750487733015634
0.666485366485366	0.28989898989899	-0.00771859630903319
0.669334369334369	0.28989898989899	-0.0079159981405224
0.672183372183372	0.28989898989899	-0.00809856399643071
0.675032375032375	0.28989898989899	-0.00826767836541959
0.677881377881378	0.28989898989899	-0.00842463254793432
0.680730380730381	0.28989898989899	-0.0085706280932782
0.683579383579384	0.28989898989899	-0.0087067801827123
0.686428386428386	0.28989898989899	-0.00883412095549416
0.689277389277389	0.28989898989899	-0.00895360277882543
0.692126392126392	0.28989898989899	-0.00906610146329595
0.694975394975395	0.28989898989899	-0.0091724194206935
0.697824397824398	0.28989898989899	-0.00927328876766269
0.700673400673401	0.28989898989899	-0.00936937437247914
0.703522403522403	0.28989898989899	-0.00946127684590906
0.706371406371406	0.28989898989899	-0.00954953547628644
0.709220409220409	0.28989898989899	-0.00963463110964574
0.712069412069412	0.28989898989899	-0.00971698897244068
0.714918414918415	0.28989898989899	-0.00979698144006816
0.717767417767418	0.28989898989899	-0.00987493074731681
0.720616420616421	0.28989898989899	-0.00995111164576718
0.723465423465424	0.28989898989899	-0.0100257540028079
0.726314426314426	0.28989898989899	-0.0100990453461043
0.729163429163429	0.28989898989899	-0.0101711333524167
0.732012432012432	0.28989898989899	-0.0102421282787404
0.734861434861435	0.28989898989899	-0.0103121053401331
0.737710437710438	0.28989898989899	-0.0103811070298186
0.740559440559441	0.28989898989899	-0.0104491453846563
0.743408443408443	0.28989898989899	-0.0105162041926219
0.746257446257446	0.28989898989899	-0.0105822411478143
0.749106449106449	0.28989898989899	-0.0106471899460633
0.751955451955452	0.28989898989899	-0.0107109623274014
0.754804454804455	0.28989898989899	-0.0107734500609006
0.757653457653458	0.28989898989899	-0.0108345268742569
0.760502460502461	0.28989898989899	-0.0108940503284733
0.763351463351463	0.28989898989899	-0.0109518636341156
0.766200466200466	0.28989898989899	-0.0110077974150486
0.769049469049469	0.28989898989899	-0.0110616714136113
0.771898471898472	0.28989898989899	-0.0111132961405405
0.774747474747475	0.28989898989899	-0.0111624744705654
0.777596477596478	0.28989898989899	-0.0112090031800604
0.78044548044548	0.28989898989899	-0.0112526744294883
0.783294483294483	0.28989898989899	-0.0112932771916486
0.786143486143486	0.28989898989899	-0.0113305986208809
0.788992488992489	0.28989898989899	-0.011364425368469
0.791841491841492	0.28989898989899	-0.0113945448438961
0.794690494690495	0.28989898989899	-0.0114207464139657
0.797539497539497	0.28989898989899	-0.0114428225557111
0.8003885003885	0.28989898989899	-0.0114605699427171
0.803237503237503	0.28989898989899	-0.0114737904847447
0.806086506086506	0.28989898989899	-0.0114822923053108
0.808935508935509	0.28989898989899	-0.0114858906664405
0.811784511784512	0.28989898989899	-0.0114844088369313
0.814633514633515	0.28989898989899	-0.0114776789043059
0.817482517482518	0.28989898989899	-0.0114655425319087
0.82033152033152	0.28989898989899	-0.0114478516578829
0.823180523180523	0.28989898989899	-0.011424469141716
0.826029526029526	0.28989898989899	-0.011395269351256
0.828878528878529	0.28989898989899	-0.0113601386973394
0.831727531727532	0.28989898989899	-0.011318976108801
0.834576534576535	0.28989898989899	-0.0112716934560674
0.837425537425537	0.28989898989899	-0.0112182159140282
0.84027454027454	0.28989898989899	-0.0111584822731388
0.843123543123543	0.28989898989899	-0.011092445192844
0.845972545972546	0.28989898989899	-0.0110200713979848
0.848821548821549	0.28989898989899	-0.0109413418223333
0.851670551670552	0.28989898989899	-0.0108562516934784
0.854519554519555	0.28989898989899	-0.010764810563077
0.857368557368557	0.28989898989899	-0.0106670422813212
0.86021756021756	0.28989898989899	-0.0105629849153157
0.863066563066563	0.28989898989899	-0.0104526906112755
0.865915565915566	0.28989898989899	-0.0103362254013822
0.868764568764569	0.28989898989899	-0.0102136689540203
0.871613571613572	0.28989898989899	-0.0100851142697744
0.874462574462574	0.28989898989899	-0.00995066731961605
0.877311577311577	0.28989898989899	-0.00981044662805675
0.88016058016058	0.28989898989899	-0.0096645828001232
0.883009583009583	0.28989898989899	-0.00951321799413673
0.885858585858586	0.28989898989899	-0.00935650533527113
0.888707588707589	0.28989898989899	-0.00919460827769371
0.891556591556592	0.28989898989899	-0.00902769990563243
0.894405594405595	0.28989898989899	-0.00885596218315847
0.897254597254597	0.28989898989899	-0.00867958514558488
0.9001036001036	0.28989898989899	-0.00849876603614107
0.902952602952603	0.28989898989899	-0.0083137083860713
0.905801605801606	0.28989898989899	-0.00812462103837761
0.908650608650609	0.28989898989899	-0.00793171711741183
0.911499611499612	0.28989898989899	-0.00773521294162713
0.914348614348614	0.28989898989899	-0.00753532687953283
0.917197617197617	0.28989898989899	-0.00733227815105761
0.92004662004662	0.28989898989899	-0.00712628557313027
0.922895622895623	0.28989898989899	-0.00691756624872858
0.925744625744626	0.28989898989899	-0.00670633419983708
0.928593628593629	0.28989898989899	-0.00649279894576907
0.931442631442631	0.28989898989899	-0.00627716402358959
0.934291634291634	0.28989898989899	-0.00605962545535779
0.937140637140637	0.28989898989899	-0.00584037015623559
0.93998963998964	0.28989898989899	-0.0056195742909591
0.942838642838643	0.28989898989899	-0.00539740157042671
0.945687645687646	0.28989898989899	-0.00517400149290166
0.948536648536648	0.28989898989899	-0.0049495075330483
0.951385651385651	0.28989898989899	-0.00472403527152589
0.954234654234654	0.28989898989899	-0.00449768046752125
0.957083657083657	0.28989898989899	-0.00427051708198137
0.95993265993266	0.28989898989899	-0.00404259523531822
0.962781662781663	0.28989898989899	-0.00381393912017908
0.965630665630666	0.28989898989899	-0.00358454484754254
0.968479668479668	0.28989898989899	-0.00335437824519018
0.971328671328671	0.28989898989899	-0.00312337259580972
0.974177674177674	0.28989898989899	-0.00289142632116802
0.977026677026677	0.28989898989899	-0.00265840061072209
0.97987567987568	0.28989898989899	-0.00242411699162569
0.982724682724683	0.28989898989899	-0.00218835484551109
0.985573685573686	0.28989898989899	-0.00195084886882713
0.988422688422688	0.28989898989899	-0.00171128647832092
0.991271691271691	0.28989898989899	-0.00146930515676848
0.994120694120694	0.28989898989899	-0.00122448974755323
0.996969696969697	0.28989898989899	-0.000976369691213194
1	0.28989898989899	-0.000757575757575758
