-8.452168e+00
-8.692461e+00
-8.743468e+00
-8.794477e+00
-8.814787e+00
-8.811555e+00
-8.808321e+00
-8.805088e+00
-8.801855e+00
-8.798622e+00
-8.784307e+00
-8.768119e+00
-8.751930e+00
-8.735742e+00
-8.719554e+00
-8.703365e+00
-8.687177e+00
-8.670988e+00
-8.654799e+00
-8.638612e+00
-8.622423e+00
-8.606235e+00
-8.606090e+00
-8.624286e+00
-8.642484e+00
-8.660680e+00
-8.678877e+00
-8.697074e+00
-8.715271e+00
-8.733468e+00
-8.751665e+00
-8.769861e+00
-8.788058e+00
-8.806255e+00
-8.824452e+00
-8.842649e+00
-8.860847e+00
-8.879044e+00
-8.897241e+00
-8.915437e+00
-8.933634e+00
-8.951831e+00
-8.970028e+00
-8.988225e+00
-9.006421e+00
-9.025224e+00
-9.049570e+00
-9.073915e+00
-9.098262e+00
-9.122607e+00
-9.146954e+00
-9.171299e+00
-9.195644e+00
-9.219991e+00
-9.244337e+00
-9.268682e+00
-9.293029e+00
-9.317374e+00
-9.341720e+00
-9.366066e+00
-9.390411e+00
-9.414757e+00
-9.439103e+00
-9.463449e+00
-9.495621e+00
-9.530205e+00
-9.564789e+00
-9.599373e+00
-9.633957e+00
-9.668541e+00
-9.703125e+00
-9.737709e+00
-9.772293e+00
-9.806877e+00
-9.841461e+00
-9.876045e+00
-9.910629e+00
-9.945213e+00
-9.979797e+00
-1.001438e+01
-1.004897e+01
-1.008355e+01
-1.012269e+01
-1.016484e+01
-1.020700e+01
-1.024915e+01
-1.029131e+01
-1.033346e+01
-1.037562e+01
-1.041778e+01
-1.045993e+01
-1.050209e+01
-1.054424e+01
-1.058640e+01
-1.062855e+01
-1.067071e+01
-1.071578e+01
-1.077025e+01
-1.082473e+01
-1.087921e+01
-1.093368e+01
-1.098816e+01
-1.104264e+01
-1.109712e+01
-1.115159e+01
-1.120607e+01
-1.126055e+01
-1.131502e+01
-1.136950e+01
-1.144543e+01
-1.152178e+01
-1.159814e+01
-1.167449e+01
-1.175085e+01
-1.182720e+01
-1.190356e+01
-1.197991e+01
-1.205627e+01
-1.213262e+01
-1.218635e+01
-1.222861e+01
-1.227087e+01
-1.231312e+01
-1.235538e+01
-1.239764e+01
-1.245060e+01
-1.254270e+01
-1.263480e+01
-1.272690e+01
-1.281899e+01
-1.291109e+01
-1.300319e+01
-1.309177e+01
-1.317658e+01
-1.326140e+01
-1.334622e+01
-1.343104e+01
-1.351586e+01
-1.360068e+01
-1.368550e+01
-1.377032e+01
-1.385513e+01
-1.394273e+01
-1.403283e+01
-1.412293e+01
-1.421303e+01
-1.430313e+01
-1.439323e+01
-1.448332e+01
-1.457342e+01
-1.466352e+01
-1.475362e+01
-1.484372e+01
-1.493382e+01
-1.500852e+01
-1.506522e+01
-1.512192e+01
-1.517861e+01
-1.523531e+01
-1.529435e+01
-1.541870e+01
-1.554305e+01
-1.566739e+01
-1.579174e+01
-1.591609e+01
-1.604044e+01
-1.616479e+01
-1.628914e+01
-1.641254e+01
-1.652972e+01
-1.664690e+01
-1.676409e+01
-1.688127e+01
-1.699845e+01
-1.711563e+01
-1.723281e+01
-1.734999e+01
-1.746765e+01
-1.758743e+01
-1.770721e+01
-1.782699e+01
-1.794677e+01
-1.806655e+01
-1.818632e+01
-1.830610e+01
-1.842588e+01
-1.854680e+01
-1.866779e+01
-1.878878e+01
-1.890977e+01
-1.903076e+01
-1.915175e+01
-1.927274e+01
-1.939373e+01
-1.950989e+01
-1.962545e+01
-1.974100e+01
-1.985656e+01
-1.997211e+01
-2.008767e+01
-2.020323e+01
-2.036524e+01
-2.067212e+01
-2.097900e+01
-2.128588e+01
-2.159275e+01
-2.166231e+01
-2.118674e+01
-2.132640e+01
-2.144906e+01
-2.153310e+01
-2.161715e+01
-2.170119e+01
-2.178523e+01
-2.187102e+01
-2.195753e+01
-2.204404e+01
-2.213056e+01
-2.221707e+01
-2.230359e+01
-2.239010e+01
-2.248102e+01
-2.257399e+01
-2.266696e+01
-2.275993e+01
-2.285289e+01
-2.294586e+01
-2.303883e+01
-2.311694e+01
-2.319003e+01
-2.326312e+01
-2.333620e+01
-2.340929e+01
-2.348238e+01
-2.351394e+01
-2.347085e+01
-2.342775e+01
-2.338465e+01
-2.334155e+01
-2.329844e+01
-2.325535e+01
-2.321225e+01
-2.316915e+01
-2.312605e+01
-2.308295e+01
-2.295862e+01
-2.282509e+01
-2.269155e+01
-2.255802e+01
-2.242448e+01
-2.220353e+01
-2.181485e+01
-2.142616e+01
-2.103747e+01
-2.063018e+01
-2.022259e+01
-1.947833e+01
-1.862400e+01
-1.775620e+01
-1.663499e+01
-1.552604e+01
-1.476018e+01
-1.456161e+01
-1.523437e+01
-1.615759e+01
-1.747711e+01
-1.884944e+01
-2.023076e+01
-2.171453e+01
-2.302364e+01
-2.421037e+01
-2.536819e+01
-2.642624e+01
-2.735053e+01
-2.828365e+01
-2.927525e+01
-3.031564e+01
-3.134986e+01
-3.210366e+01
-3.316325e+01
-3.410495e+01
-3.482086e+01
-3.562956e+01
-3.681831e+01
-3.708751e+01
-3.841597e+01
-3.855996e+01
-4.009381e+01
-4.137373e+01
-4.131685e+01
-4.182482e+01
-4.376619e+01
-4.439209e+01
-4.516542e+01
-4.344838e+01
-4.363470e+01
-4.505182e+01
-4.640454e+01
-4.654686e+01
-4.585525e+01
-4.642501e+01
-4.632717e+01
-4.488327e+01
-4.534240e+01
-4.662684e+01
-4.809906e+01
-5.018838e+01
-5.210852e+01
-5.471857e+01
-5.439093e+01
-5.496088e+01
-5.135858e+01
-4.913457e+01
-4.972651e+01
-5.508212e+01
-5.563486e+01
-5.515424e+01
-5.382168e+01
-5.475646e+01
-5.699386e+01
-5.491936e+01
-5.525991e+01
-5.723137e+01
-5.950427e+01
-5.692063e+01
-5.369301e+01
-5.534545e+01
-5.702190e+01
-5.584459e+01
-5.810535e+01
-5.255199e+01
-5.850094e+01
-6.191798e+01
-5.314385e+01
-5.718137e+01
-5.631747e+01
-5.799905e+01
-5.581999e+01
-5.292368e+01
-5.815558e+01
-6.587247e+01
-6.489359e+01
-6.217638e+01
-5.792958e+01
-5.549133e+01
-5.806825e+01
-5.724168e+01
-6.436121e+01
-6.596188e+01
-7.031828e+01
-7.423695e+01
-6.784924e+01
-7.144564e+01
-6.745631e+01
-6.489334e+01
-6.214225e+01
-6.298334e+01
-6.158750e+01
-6.130593e+01
-6.736562e+01
-6.062397e+01
-6.795497e+01
-6.050130e+01
-6.083411e+01
-6.731719e+01
-6.545988e+01
-6.069845e+01
-6.369907e+01
-6.618329e+01
-6.179313e+01
-6.148365e+01
-6.226447e+01
-6.413060e+01
-6.330050e+01
-6.297888e+01
-6.633028e+01
-7.216116e+01
-6.534348e+01
-6.486435e+01
-5.850223e+01
-5.942731e+01
-6.142453e+01
-6.229993e+01
-6.342182e+01
-5.738193e+01
-5.934580e+01
-5.989613e+01
-6.209915e+01
-6.887201e+01
-5.963866e+01
-6.075524e+01
-5.634928e+01
-5.880719e+01
-5.702306e+01
-5.699270e+01
-5.771194e+01
-6.415202e+01
-6.444854e+01
-7.282808e+01
-6.049314e+01
-7.525264e+01
