-1.333584e+01
-1.368715e+01
-1.357119e+01
-1.345523e+01
-1.358042e+01
-1.389057e+01
-1.420072e+01
-1.451087e+01
-1.482102e+01
-1.513117e+01
-1.542168e+01
-1.570888e+01
-1.599608e+01
-1.628328e+01
-1.657047e+01
-1.685767e+01
-1.714487e+01
-1.743206e+01
-1.771926e+01
-1.800646e+01
-1.829366e+01
-1.858085e+01
-1.889213e+01
-1.923093e+01
-1.956973e+01
-1.990853e+01
-2.024733e+01
-2.058613e+01
-2.092493e+01
-2.126374e+01
-2.160254e+01
-2.194134e+01
-2.228014e+01
-2.261894e+01
-2.295774e+01
-2.329655e+01
-2.363535e+01
-2.397415e+01
-2.431295e+01
-2.465175e+01
-2.499055e+01
-2.532936e+01
-2.566816e+01
-2.600696e+01
-2.634576e+01
-2.667965e+01
-2.696860e+01
-2.725754e+01
-2.754649e+01
-2.783543e+01
-2.812438e+01
-2.841332e+01
-2.870227e+01
-2.899121e+01
-2.928016e+01
-2.956911e+01
-2.985805e+01
-3.014700e+01
-3.043594e+01
-3.072489e+01
-3.101383e+01
-3.130278e+01
-3.159172e+01
-3.188067e+01
-3.228091e+01
-3.271546e+01
-3.315002e+01
-3.358457e+01
-3.401913e+01
-3.445368e+01
-3.488823e+01
-3.532278e+01
-3.575734e+01
-3.619189e+01
-3.662644e+01
-3.706100e+01
-3.749555e+01
-3.793010e+01
-3.836466e+01
-3.879921e+01
-3.923376e+01
-3.966832e+01
-4.015212e+01
-4.066861e+01
-4.118510e+01
-4.170159e+01
-4.221808e+01
-4.273457e+01
-4.325106e+01
-4.376754e+01
-4.428403e+01
-4.480052e+01
-4.531701e+01
-4.583350e+01
-4.634999e+01
-4.686648e+01
-4.741313e+01
-4.805728e+01
-4.870142e+01
-4.934557e+01
-4.998971e+01
-5.063386e+01
-5.127800e+01
-5.192215e+01
-5.256629e+01
-5.321043e+01
-5.385458e+01
-5.449873e+01
-5.514287e+01
-5.573211e+01
-5.632026e+01
-5.690840e+01
-5.749654e+01
-5.808469e+01
-5.867283e+01
-5.926098e+01
-5.984912e+01
-6.043727e+01
-6.102541e+01
-6.201625e+01
-6.321120e+01
-6.440617e+01
-6.560112e+01
-6.679607e+01
-6.799104e+01
-6.906068e+01
-6.967222e+01
-7.028376e+01
-7.089530e+01
-7.150684e+01
-7.211839e+01
-7.272992e+01
-7.321847e+01
-7.357589e+01
-7.393330e+01
-7.429072e+01
-7.464813e+01
-7.500555e+01
-7.536297e+01
-7.572038e+01
-7.607780e+01
-7.643521e+01
-7.683688e+01
-7.727833e+01
-7.771978e+01
-7.816123e+01
-7.860268e+01
-7.904413e+01
-7.948558e+01
-7.992703e+01
-8.036848e+01
-8.080993e+01
-8.125138e+01
-8.169283e+01
-8.236923e+01
-8.332044e+01
-8.427164e+01
-8.522285e+01
-8.617406e+01
-8.710426e+01
-8.744713e+01
-8.779000e+01
-8.813287e+01
-8.847574e+01
-8.881861e+01
-8.916148e+01
-8.950435e+01
-8.984721e+01
-9.022050e+01
-9.079426e+01
-9.136801e+01
-9.194177e+01
-9.251553e+01
-9.308929e+01
-9.366306e+01
-9.423682e+01
-9.481058e+01
-9.539030e+01
-9.599616e+01
-9.660203e+01
-9.720789e+01
-9.781375e+01
-9.841962e+01
-9.902548e+01
-9.963135e+01
-1.002372e+02
-1.009169e+02
-1.016011e+02
-1.022852e+02
-1.029694e+02
-1.036536e+02
-1.043378e+02
-1.050220e+02
-1.057062e+02
-1.064255e+02
-1.071493e+02
-1.078731e+02
-1.085969e+02
-1.093207e+02
-1.100445e+02
-1.107683e+02
-1.119154e+02
-1.143819e+02
-1.168485e+02
-1.193151e+02
-1.217817e+02
-1.229642e+02
-1.213144e+02
-1.233594e+02
-1.251345e+02
-1.262961e+02
-1.274578e+02
-1.286194e+02
-1.297811e+02
-1.307495e+02
-1.316367e+02
-1.325240e+02
-1.334112e+02
-1.342984e+02
-1.351857e+02
-1.360729e+02
-1.371212e+02
-1.382440e+02
-1.393669e+02
-1.404898e+02
-1.416127e+02
-1.427355e+02
-1.438584e+02
-1.446722e+02
-1.453814e+02
-1.460906e+02
-1.467998e+02
-1.475090e+02
-1.482182e+02
-1.488633e+02
-1.493929e+02
-1.499225e+02
-1.504521e+02
-1.509818e+02
-1.515114e+02
-1.520410e+02
-1.525706e+02
-1.531003e+02
-1.536299e+02
-1.541595e+02
-1.550933e+02
-1.560729e+02
-1.570525e+02
-1.580321e+02
-1.590117e+02
-1.597083e+02
-1.598618e+02
-1.600153e+02
-1.601689e+02
-1.625268e+02
-1.649199e+02
-1.671598e+02
-1.731760e+02
-1.792608e+02
-1.889562e+02
-2.043631e+02
-2.202820e+02
-2.373961e+02
-2.527405e+02
-2.660437e+02
-2.771172e+02
-2.836744e+02
-2.889520e+02
-2.903197e+02
-2.942890e+02
-2.949864e+02
-2.978370e+02
-2.981241e+02
-2.982380e+02
-3.003586e+02
-3.027637e+02
-3.044814e+02
-3.048793e+02
-3.051682e+02
-3.049554e+02
-3.070564e+02
-3.080393e+02
-3.070214e+02
-3.081011e+02
-3.139826e+02
-3.141030e+02
-3.070926e+02
-3.195057e+02
-3.179908e+02
-3.174686e+02
-3.219892e+02
-3.362858e+02
-3.413429e+02
-3.345207e+02
-3.448962e+02
-3.517871e+02
-3.448409e+02
-3.418757e+02
-3.537213e+02
-3.708619e+02
-3.766520e+02
-3.851678e+02
-3.772109e+02
-3.874889e+02
-3.748331e+02
-3.761800e+02
-3.768318e+02
-3.670199e+02
-3.775491e+02
-3.446063e+02
-3.719199e+02
-3.676555e+02
-3.663281e+02
-3.766363e+02
-3.858462e+02
-3.873795e+02
-3.864719e+02
-3.992754e+02
-3.757678e+02
-3.803070e+02
-3.885102e+02
-3.798081e+02
-3.881694e+02
-4.267115e+02
-4.064293e+02
-4.141399e+02
-3.669589e+02
-3.036129e+02
-2.749385e+02
-3.014223e+02
-3.535899e+02
-4.243617e+02
-5.144536e+02
-6.845340e+02
-7.735418e+02
-6.583803e+02
-6.065473e+02
-7.085375e+02
-6.943129e+02
-7.515920e+02
-6.051400e+02
-4.661412e+02
-4.194081e+02
-3.301898e+02
-4.169914e+02
-3.820087e+02
-3.960625e+02
-3.859530e+02
-3.650491e+02
-3.397544e+02
-3.901796e+02
-3.428977e+02
-2.502230e+02
-3.512097e+02
-3.388738e+02
-3.466503e+02
-3.614932e+02
-4.142150e+02
-4.589871e+02
-5.104582e+02
-4.320304e+02
-3.727227e+02
-3.427190e+02
-2.886933e+02
-3.531393e+02
-3.713802e+02
-3.113964e+02
-2.234664e+02
-7.569794e+01
5.421065e+01
4.728344e+01
3.566127e+01
1.115484e+02
7.048317e+01
5.280164e+01
2.405021e+01
-3.135199e-01
3.099350e+01
-1.815829e+01
-1.690957e+01
2.014117e+00
1.034409e+01
1.227861e+02
9.493958e+01
5.904441e+01
8.731773e+01
4.161087e+01
-5.729949e+00
-1.562555e+01
2.359166e+00
8.581886e+00
-2.045942e+01
-3.062186e+01
-4.988393e+01
-6.552711e+01
-5.416687e+01
-5.990270e+01
-9.188846e+01
7.970001e-01
-6.929885e+01
-5.795016e+01
