	0.838013	-0.047607
	0.828857	-0.018311
	0.861511	-0.083008
	0.974731	0.005188
	0.740662	-0.074463
	0.844421	-0.022583
	0.738831	-0.039368
	0.869141	-0.062866
	0.937500	0.003052
	0.809326	-0.089111
	0.932312	-0.006104
	0.704651	-0.066528
	0.858154	-0.055542
	0.844116	-0.009460
	0.857544	-0.082092
	0.980530	0.001221
	0.767212	-0.068665
	0.881958	-0.021667
	0.759277	-0.025635
	0.840759	-0.068970
	0.938416	0.004578
	0.794983	-0.080566
	0.942383	-0.009155
	0.731201	-0.053406
	0.855103	-0.055542
	0.841980	-0.018311
	0.829163	-0.070190
	0.965576	-0.001831
	0.758057	-0.068665
	0.884705	-0.030518
	0.751038	-0.032349
	0.829773	-0.058594
	0.946655	-0.010986
	0.818787	-0.079651
	0.928650	-0.011902
	0.724182	-0.061646
	0.842285	-0.043640
	0.864258	-0.017700
	0.874023	-0.077515
	0.982361	0.004272
	0.708923	-0.069885
	0.832520	-0.027161
	0.768127	-0.028381
	0.883179	-0.066223
	0.957947	-0.003662
	0.779114	-0.080261
	0.901794	-0.002441
	0.710449	-0.059204
	0.858459	-0.050659
	0.879517	-0.004272
	0.844421	-0.084229
	0.955811	0.012817
	0.711975	-0.080872
	0.850525	-0.024109
	0.781860	-0.029602
	0.875549	-0.079956
	0.950928	0.007019
	0.786438	-0.084229
	0.909119	-0.009766
	0.708923	-0.046082
	0.853577	-0.059204
	0.878296	0.000610
	0.854187	-0.078125
	0.979614	0.001526
	0.728760	-0.067444
	0.834961	-0.043945
	0.757751	-0.024414
	0.849609	-0.081482
	0.977478	-0.002747
	0.790100	-0.072632
	0.893555	-0.020142
	0.719910	-0.041809
	0.858459	-0.050049
	0.892029	-0.013123
	0.840149	-0.071716
	0.944214	-0.008545
	0.734863	-0.061951
	0.899048	-0.035706
	0.783997	-0.027161
	0.858765	-0.060120
	0.968323	-0.003052
	0.809326	-0.071716
	0.914917	-0.015564
	0.701599	-0.049438
	0.827026	-0.044556
	0.867004	-0.020142
	0.862122	-0.078735
	0.976868	0.009460
	0.716858	-0.074768
	0.866394	-0.024109
	0.801392	-0.031738
	0.829773	-0.078125
	0.961914	0.004578
	0.783386	-0.091858
	0.910950	-0.003052
	0.728760	-0.054016
	0.848999	-0.060120
	0.903015	0.003357
	0.869446	-0.094299
	0.971680	0.015869
	0.733032	-0.062256
	0.851135	-0.034180
	0.787964	-0.014954
	0.850220	-0.090332
	0.968628	0.010986
	0.786743	-0.080566
	0.896912	-0.024414
	0.726013	-0.029602
	0.836487	-0.071106
	0.897522	-0.001831
	0.854797	-0.071716
	0.974121	-0.010376
	0.715332	-0.046692
	0.838623	-0.050049
	0.805359	-0.014343
	0.874634	-0.074768
	0.986328	-0.007324
	0.778809	-0.070801
	0.876465	-0.020447
	0.715027	-0.049133
	0.855103	-0.056152
	0.921021	-0.015259
	0.818481	-0.069580
	0.921021	-0.002136
	0.723877	-0.062256
	0.858459	-0.036011
	0.784912	-0.028687
	0.843506	-0.064697
	0.966187	-0.001526
	0.801086	-0.085449
	0.894470	-0.014648
	0.690613	-0.051880
	0.809937	-0.059204
	0.909119	-0.008240
	0.874329	-0.086060
	0.981445	0.011902
	0.717773	-0.064087
	0.836182	-0.035400
	0.793457	-0.022278
	0.880737	-0.077209
	1.002502	0.009155
	0.756226	-0.087585
	0.879211	-0.012207
	0.705566	-0.046692
	0.843201	-0.068359
	0.932007	0.004272
	0.838928	-0.090027
	0.951233	0.001831
	0.722046	-0.059814
	0.828552	-0.048828
	0.791016	-0.010986
	0.848389	-0.085144
	0.992432	0.015259
	0.791931	-0.072937
	0.886536	-0.032959
	0.746460	-0.025940
	0.842896	-0.073853
	0.931702	-0.002747
	0.819397	-0.081177
	0.942078	-0.015869
	0.714111	-0.044556
	0.843201	-0.053711
	0.826721	-0.009460
	0.850830	-0.076294
	0.957336	-0.005188
	0.773926	-0.065002
	0.877075	-0.037231
	0.739441	-0.038757
	0.843811	-0.059204
	0.910950	-0.010986
	0.808411	-0.077209
	0.955811	-0.016174
	0.712585	-0.052185
	0.846558	-0.038147
	0.802612	-0.030518
	0.876160	-0.070190
	0.993958	-0.000610
	0.770874	-0.070801
	0.889587	-0.025024
	0.725403	-0.043945
	0.845032	-0.051270
	0.924988	-0.005493
	0.827942	-0.080261
	0.968933	0.000916
	0.716858	-0.068359
	0.833435	-0.026550
	0.830078	-0.023804
	0.858765	-0.072327
	0.984497	0.011902
	0.749207	-0.087585
	0.881958	-0.014038
	0.771179	-0.048828
	0.844727	-0.072937
	0.932922	0.006104
	0.834656	-0.091858
	0.935974	0.005798
	0.707397	-0.057983
	0.845337	-0.048523
	0.838623	0.000000
	0.861511	-0.093689
	0.955811	0.010986
	0.751648	-0.076599
	0.891113	-0.039978
	0.763245	-0.028687
	0.841675	-0.085449
	0.931702	0.000305
	0.784607	-0.075684
	0.914612	-0.014343
	0.724182	-0.035706
	0.872803	-0.059204
	0.867004	-0.004578
	0.835266	-0.074158
	0.944214	-0.007935
	0.759583	-0.063477
	0.886841	-0.035706
	0.759888	-0.031128
	0.836487	-0.071716
	0.931702	-0.015259
	0.820618	-0.074768
	0.905762	-0.016785
	0.695190	-0.053101
	0.853271	-0.047302
	0.877380	-0.017700
	0.889893	-0.066223
	0.944519	-0.001831
	0.704651	-0.071716
	0.870667	-0.024719
	0.759888	-0.041809
	0.871887	-0.066528
	0.942078	-0.016785
	0.802612	-0.089111
	0.935364	-0.002136
	0.691528	-0.061951
	0.825806	-0.044250
	0.883789	-0.012512
	0.882874	-0.076294
	0.992432	0.017090
	0.752258	-0.077820
	0.840759	-0.022278
	0.766296	-0.032349
	0.844421	-0.076904
	0.968628	0.004883
	0.835876	-0.092468
	0.929871	-0.005188
	0.708618	-0.044861
	0.811768	-0.065613
	0.843811	-0.003052
	0.863037	-0.092773
	0.986023	0.012207
	0.733948	-0.061340
	0.850220	-0.043640
	0.745850	-0.016479
	0.859375	-0.077820
	0.988770	-0.002747
	0.810852	-0.075378
	0.914917	-0.027161
	0.678711	-0.046692
	0.828552	-0.061951
	0.895081	-0.014954
	0.859375	-0.074158
	0.979919	-0.009155
	0.738220	-0.056763
	0.861511	-0.032959
	0.766602	-0.028992
	0.835266	-0.060730
	0.944214	-0.009155
	0.818481	-0.076294
	0.917969	-0.018921
	0.715332	-0.057983
	0.820923	-0.053711
	0.868225	-0.010681
	0.852966	-0.087280
	0.981750	0.006409
	0.723267	-0.069885
	0.849304	-0.026855
	0.789795	-0.022278
	0.874634	-0.063782
	0.952148	0.004883
	0.787964	-0.084229
	0.921021	-0.012817
	0.712280	-0.059204
	0.842285	-0.059509
	0.893860	-0.009766
	0.829468	-0.093079
	0.959473	0.004883
	0.724182	-0.065613
	0.865784	-0.026550
	0.802612	-0.018616
	0.829773	-0.070496
	0.932922	0.010071
	0.787659	-0.079041
	0.936584	-0.016785
	0.752563	-0.056458
	0.840454	-0.074768
	0.883484	-0.007324
	0.832520	-0.088806
	0.965881	-0.003357
	0.725403	-0.059814
	0.826416	-0.036926
	0.790100	-0.005493
	0.866089	-0.075378
	0.983582	0.008545
	0.776978	-0.076904
	0.883179	-0.022583
	0.703125	-0.044556
	0.833130	-0.070801
	0.920410	-0.005188
	0.861816	-0.076294
	0.977478	-0.009766
	0.708618	-0.058289
	0.857544	-0.034485
	0.792236	-0.015869
	0.853271	-0.063171
	0.939331	-0.001831
	0.774231	-0.071716
	0.895386	-0.017395
	0.725403	-0.050659
	0.847168	-0.063782
	0.919189	-0.016479
	0.852356	-0.074158
	0.947266	-0.006409
	0.743103	-0.065308
	0.856628	-0.035706
	0.800171	-0.023193
	0.854492	-0.062866
	0.959778	-0.001831
	0.778503	-0.081177
	0.900879	-0.017395
	0.734863	-0.043945
	0.842896	-0.058289
	0.900879	-0.004883
	0.828857	-0.087585
	0.945740	0.006104
	0.718689	-0.065308
	0.845337	-0.040894
	0.816650	-0.018616
	0.851440	-0.077820
	0.965576	0.016174
	0.765991	-0.083618
	0.896912	-0.014954
	0.755920	-0.037231
	0.861206	-0.071106
	0.926819	0.000610
	0.786133	-0.093689
	0.932617	-0.002136
	0.731506	-0.052185
	0.871277	-0.051880
	0.830078	-0.007324
	0.826416	-0.088501
	0.953979	0.006409
	0.771790	-0.068054
	0.856934	-0.033569
	0.739441	-0.025940
	0.852051	-0.072021
	0.947266	0.008240
	0.842590	-0.076294
	0.920715	-0.018311
	0.681152	-0.052795
	0.868225	-0.054016
	0.861511	-0.014648
	0.858765	-0.077209
	0.964355	-0.000610
	0.720520	-0.054016
	0.875549	-0.029297
	0.756836	-0.034790
	0.868530	-0.060120
	0.921936	-0.014343
	0.805664	-0.071411
	0.912781	-0.016174
	0.736084	-0.067444
	0.859070	-0.039673
	0.849609	-0.026245
	0.861206	-0.072632
	0.936584	0.000916
	0.746155	-0.068665
	0.883789	-0.012207
	0.747986	-0.038757
	0.849609	-0.057678
	0.921936	0.001221
	0.818481	-0.090027
	0.938721	-0.009155
	0.716858	-0.069580
	0.856018	-0.049438
	0.845337	-0.014648
	0.840454	-0.087280
	0.969849	0.015259
	0.748901	-0.072021
	0.888672	-0.020447
	0.749817	-0.036011
	0.843506	-0.069885
	0.952759	0.005493
	0.801086	-0.090027
	0.931091	-0.005798
	0.705566	-0.059204
	0.855103	-0.052185
	0.872803	0.001526
	0.849304	-0.081177
	0.953369	0.005493
	0.740662	-0.070190
	0.881653	-0.030212
	0.772705	-0.020142
	0.823364	-0.078430
	0.925903	0.000305
	0.809937	-0.079956
	0.936890	-0.013428
	0.725403	-0.058899
	0.846863	-0.057678
	0.850525	-0.009766
	0.859680	-0.077209
	0.970154	0.003967
	0.737305	-0.070801
	0.864868	-0.032043
	0.766296	-0.028687
	0.857849	-0.073853
	0.953979	-0.002747
	0.806580	-0.084534
	0.917358	-0.004883
	0.730591	-0.049438
	0.839233	-0.056152
	0.848999	-0.013733
	0.840454	-0.078430
	0.980530	-0.000305
	0.753784	-0.073547
	0.865784	-0.030823
	0.746765	-0.032959
	0.829773	-0.072327
	0.953064	-0.003662
	0.802307	-0.083618
	0.930176	-0.007324
	0.706787	-0.052490
	0.862427	-0.044250
	0.867310	-0.006409
	0.854187	-0.081177
	0.967407	-0.001831
	0.732422	-0.064087
	0.850525	-0.027771
	0.765686	-0.036011
	0.856323	-0.071106
	0.977173	0.003357
	0.786133	-0.083008
	0.899048	-0.013428
	0.714722	-0.048523
	0.843506	-0.052185
	0.884094	-0.003357
	0.855103	-0.079346
	0.966492	0.004272
	0.754700	-0.062866
	0.882874	-0.025635
	0.767517	-0.021667
	0.838623	-0.077209
	0.953979	0.008240
	0.799866	-0.085144
	0.932007	-0.008545
	0.699768	-0.055542
	0.816650	-0.057678
	0.903625	-0.007935
	0.883789	-0.082703
	0.980530	-0.003662
	0.713196	-0.060425
	0.825500	-0.032349
	0.789490	-0.018616
	0.879517	-0.078125
	0.972290	0.003967
	0.821838	-0.073242
	0.904541	-0.021667
	0.726318	-0.038757
	0.846863	-0.062866
	0.890503	-0.003052
	0.835266	-0.086060
	0.946960	-0.010986
	0.754700	-0.066223
	0.887146	-0.035095
	0.779724	-0.025330
	0.840759	-0.074158
	0.960999	0.000305
	0.773315	-0.062256
	0.897522	-0.013428
	0.744934	-0.045776
	0.874329	-0.058899
	0.886841	-0.013733
	0.826111	-0.085449
	0.953064	-0.004578
	0.738525	-0.067139
	0.872498	-0.034180
	0.789490	-0.024719
	0.842285	-0.074768
	0.970459	0.004578
	0.777283	-0.074158
	0.898437	-0.003967
	0.728149	-0.043030
	0.864563	-0.059509
	0.927124	-0.006714
	0.848389	-0.086365
	0.915527	0.001221
	0.713196	-0.068665
	0.875244	-0.048218
	0.823975	-0.019836
	0.878296	-0.079651
	0.932007	0.002136
	0.742493	-0.080872
	0.891418	-0.017090
	0.749512	-0.040283
	0.859680	-0.062256
	0.904541	-0.004883
	0.811462	-0.077209
	0.939331	-0.004578
	0.745544	-0.059204
	0.869751	-0.041199
	0.796204	-0.024109
	0.828552	-0.075378
	0.954895	-0.000305
	0.773315	-0.079651
	0.893250	-0.022888
	0.721741	-0.039062
	0.839233	-0.058289
	0.902100	-0.011597
	0.826416	-0.081177
	0.950623	-0.005493
	0.730896	-0.062256
	0.871887	-0.039062
	0.841675	-0.018616
	0.848999	-0.065918
	0.953369	0.004578
	0.740662	-0.077515
	0.898437	-0.012817
	0.754700	-0.042725
	0.848083	-0.061035
	0.910034	-0.004883
	0.814514	-0.092773
	0.944824	-0.002136
	0.736694	-0.068054
	0.859680	-0.043335
	0.813904	-0.012207
	0.842590	-0.079956
	0.977478	0.009460
	0.800171	-0.076599
	0.874023	-0.022583
	0.715027	-0.036621
	0.857849	-0.070801
	0.939331	0.010071
	0.816650	-0.084839
	0.920105	-0.011597
	0.709839	-0.052185
	0.877075	-0.048218
	0.819092	-0.013123
	0.823059	-0.083313
	0.965271	0.000305
	0.775452	-0.071716
	0.884094	-0.030518
	0.740051	-0.028076
	0.824280	-0.068054
	0.927734	0.000610
	0.823059	-0.080872
	0.951538	-0.011597
	0.723267	-0.051880
	0.830078	-0.047607
	0.823975	-0.024414
	0.861816	-0.074158
	0.977173	-0.007019
	0.753479	-0.072937
	0.888062	-0.023499
	0.745239	-0.038147
	0.836792	-0.053406
	0.922546	0.000610
	0.835571	-0.074768
	0.954895	-0.005188
	0.711670	-0.065613
	0.846558	-0.043640
	0.839844	-0.019531
	0.859375	-0.083008
	0.991211	0.005798
	0.770569	-0.078735
	0.892639	-0.015564
	0.739136	-0.041199
	0.848694	-0.067444
	0.936279	0.004883
	0.821838	-0.084229
	0.950623	0.006104
	0.701294	-0.051270
	0.845947	-0.051575
	0.840759	-0.007629
	0.864258	-0.084534
	0.964966	0.006714
	0.742493	-0.072937
	0.867310	-0.028076
	0.769653	-0.024109
	0.868835	-0.076294
	0.935364	0.003052
	0.821533	-0.075378
	0.933533	-0.013733
	0.720215	-0.050659
	0.839844	-0.056152
	0.835571	-0.012207
	0.866394	-0.078125
	0.994873	-0.010376
	0.760498	-0.068970
	0.837402	-0.039062
	0.734558	-0.027771
	0.841980	-0.063782
	0.975037	-0.009460
	0.812378	-0.071716
	0.915222	-0.011292
	0.723877	-0.054932
	0.841980	-0.046082
	0.871887	-0.012817
	0.851135	-0.071716
	0.964355	-0.003967
	0.764771	-0.076294
	0.885315	-0.026245
	0.788879	-0.035400
	0.870667	-0.070190
	0.943604	0.003967
	0.803223	-0.082397
	0.938110	-0.005188
	0.712891	-0.052185
	0.830994	-0.054626
	0.853577	-0.005798
	0.873718	-0.091553
	0.999756	0.004578
	0.732727	-0.072021
	0.849609	-0.030823
	0.758667	-0.029602
	0.874329	-0.072327
	0.991516	0.007629
	0.809326	-0.080261
	0.881348	-0.011597
	0.675049	-0.048218
	0.880737	-0.044556
	0.917664	-0.005798
	0.856628	-0.082092
	0.944519	-0.003662
	0.706482	-0.072937
	0.875244	-0.038147
	0.783997	-0.033569
	0.848999	-0.071411
	0.957336	0.003662
	0.814209	-0.082092
	0.932922	-0.004272
	0.722656	-0.055237
	0.829163	-0.056458
	0.891724	-0.002441
	0.861511	-0.088806
	0.970764	-0.002747
	0.729675	-0.062866
	0.856934	-0.035400
	0.763245	-0.024109
	0.855713	-0.080566
	0.959778	0.006104
	0.787964	-0.078430
	0.900879	-0.022278
	0.724182	-0.047913
	0.852051	-0.062561
	0.905151	-0.009460
	0.840454	-0.080261
	0.968323	-0.005493
	0.731201	-0.065002
	0.864258	-0.034485
	0.787354	-0.019836
	0.842896	-0.068665
	0.980225	0.000916
	0.787964	-0.072937
	0.911560	-0.017090
	0.712280	-0.046692
	0.842590	-0.057678
	0.887146	-0.013428
	0.845032	-0.083618
	0.953369	-0.005798
	0.765076	-0.067139
	0.881958	-0.027161
	0.796509	-0.028992
	0.853271	-0.067139
	0.949707	0.000916
	0.778198	-0.077820
	0.900269	-0.010071
	0.729675	-0.051575
	0.856018	-0.066223
	0.895996	-0.004272
	0.846863	-0.092468
	0.937500	-0.003662
	0.697021	-0.069580
	0.881958	-0.039673
	0.824890	-0.016785
	0.852966	-0.073242
	0.928345	0.011902
	0.766907	-0.075378
	0.910950	-0.017090
	0.753784	-0.039062
	0.835876	-0.065308
	0.889893	-0.004578
	0.838928	-0.082703
	0.952454	-0.004272
	0.733337	-0.061035
	0.835266	-0.045471
	0.807800	-0.014343
	0.886536	-0.068359
	0.951538	0.000305
	0.758667	-0.074463
	0.898132	-0.025330
	0.724487	-0.040283
	0.855103	-0.070801
	0.917358	-0.011292
	0.843201	-0.079956
	0.947571	-0.009460
	0.708923	-0.058594
	0.848083	-0.039673
	0.807495	-0.025635
	0.850220	-0.068359
	0.972595	-0.001526
	0.757751	-0.071716
	0.866699	-0.024109
	0.718689	-0.046997
	0.887756	-0.053101
	0.928040	-0.010376
	0.845642	-0.075378
	0.945740	0.000916
	0.724792	-0.065002
	0.869141	-0.032654
	0.808716	-0.021667
	0.850220	-0.072632
	0.975647	0.000916
	0.766907	-0.083313
	0.906067	-0.012207
	0.724792	-0.060120
	0.829163	-0.061340
	0.917969	-0.007019
	0.845032	-0.086670
	0.963135	0.008240
	0.704651	-0.064392
	0.828552	-0.031738
	0.816040	-0.015259
	0.862427	-0.086060
	0.953674	0.012207
	0.760193	-0.080261
	0.891724	-0.020447
	0.750732	-0.041504
	0.833435	-0.077515
	0.896606	-0.001526
	0.816956	-0.101013
	0.968018	-0.008545
	0.740662	-0.050964
	0.830383	-0.050659
	0.780640	-0.000916
	0.849609	-0.078430
	1.001587	0.011292
	0.755005	-0.061951
	0.881348	-0.032959
	0.718079	-0.030518
	0.867615	-0.073242
	0.958862	-0.014648
	0.828552	-0.081177
	0.959778	-0.020752
	0.708313	-0.057983
	0.827942	-0.036926
	0.837708	-0.022888
	0.851440	-0.068054
	0.989380	-0.000916
	0.779419	-0.073242
	0.872498	-0.020752
	0.742187	-0.045776
	0.856323	-0.055237
